# Created by Octave 4.2.1, Sat Apr 14 01:20:14 2018 IST <afridi@masla>
# name: a
# type: matrix
# rows: 5
# columns: 3
 0.2491751828690925 0.01814208259880539 0.8579215567963011
 0.1771788102688122 0.1254336873352922 0.238521127474861
 0.4803838056736821 0.191382981322818 0.6870543988698384
 0.333040998643769 0.4483940689051597 0.0619275541211685
 0.235378233478943 0.5147059526463289 0.843007471699156


# name: ans
# type: matrix
# rows: 1
# columns: 2
 5 3


# name: m
# type: matrix
# rows: 10
# columns: 3
 0.5432521079854764 0.4894811646454568 0.3835006785484099
 0.7317924653673775 0.4325794340000955 0.2612233703914494
 0.07229381906645298 0.8849306870162209 0.1923335118225859
 0.2677898501911607 0.4653541535290922 0.6177400367553939
 0.9256290340133546 0.8731539920964413 0.9470742812346079
 0.1567838566951268 0.7783689157594852 0.9819476234624517
 0.1520474388780484 0.8663779391849746 0.1775524329660708
 0.6400528011670773 0.9574576084798979 0.9227308830013741
 0.8410228765050793 0.2596517715253174 0.4796999409820779
 0.1851452269471756 0.5362123448171781 0.2080042545972601


# name: res
# type: matrix
# rows: 15
# columns: 3
 0.7890132014332849 0.6739124080300782 0.1768822420456884
 0.4660900063744272 0.255399232978987 0.2361128448268862
 0.05214727814170488 0.02637702137257541 0.3674407603997412
 0.7362911148149155 0.8910003891492145 0.2475817295355376
 0.1549998537897069 0.2097949843124989 0.7347422382484834
 0.5279640149170708 0.7496459855794698 0.1058878421860367
 0.2226615848742993 0.2688238438774489 0.5958966121489297
 0.5423826339978416 0.6296616661174333 0.9264600269618428
 0.1328993664691082 0.5570950963330851 0.4357440016979366
 0.6409429060263017 0.3581334964821004 0.285751483606764
 0.2491751828690925 0.01814208259880539 0.8579215567963011
 0.1771788102688122 0.1254336873352922 0.238521127474861
 0.4803838056736821 0.191382981322818 0.6870543988698384
 0.333040998643769 0.4483940689051597 0.0619275541211685
 0.235378233478943 0.5147059526463289 0.843007471699156


