# Created by Octave 4.2.1, Sat Apr 14 05:50:47 2018 IST <afridi@masla>
# name: m5
# type: matrix
# rows: 3
# columns: 3
 1 2 3
 9 6 3
 4 6 8


