# Created by Octave 4.2.1, Sat Apr 14 02:27:53 2018 IST <afridi@masla>
# name: res
# type: matrix
# rows: 15
# columns: 3
 0.01128255227886403 0.9834911946401639 0.706134100347919
 0.2532332009957185 0.2757463913600494 0.408967660965256
 0.9331408193103612 0.5297377135707048 0.7209221339963376
 0.527375874320512 0.7456774631955099 0.5227496607876287
 0.5549694125241382 0.6424649351169949 0.4521650367338467
 0.7266184497590193 0.7058171371378243 0.1641633593278143
 0.6331660148371105 0.09256026983359349 0.4399445018615698
 0.6456865397717565 0.5160467012203797 0.7500810769194466
 0.4955118141062043 0.4081635546244166 0.7448808380448517
 0.9536847294732422 0.5605051345569112 0.3646978040998642
 0.8962037181748213 0.129832418025906 0.5988278721131024
 0.4744003329915575 0.1658418860012815 0.1106551529243818
 0.8287051150082418 0.215155940026123 0.9505497074943486
 0.855378524848322 0.5408867002412789 0.148080247078826
 0.1957163320707091 0.005948112088755164 0.7320087111338341


